I
850 Generated by WorldEditor 

1     78 1 0 ULLI Saint Petersburg Pulkovo
100 58.00 1 0 0.25 1 2 1 10L  59.80974536  030.24540628    0    0 5 2 1 0 28R  59.80109457  030.30345265    0    0 5 2 1 0
100 60.05 2 0 0.25 1 2 1 10R  59.79991700  030.21833300    0    0 5 2 1 0 28L  59.79032500  030.28291100    0    0 5 1 0 0
14  59.80147840  030.26142338  82.02 0 Pulkovo Tower Viepoint
50 12730 ATIS
53 12170 TAXIING
54 11810 TWR
54 11870 TWR
55 12030 KRUG
55 12520 PETERBURG APP
55 12800 PETERBURG APP
55 12900 PETERBURG APP
55 12980 PETERBURG APP

1    305 1 0 UUDL YAROSLAVL' TUNOSHNA
100 44.00 1 0 0.00 0 2 1 05  57.55484900  040.13579200    0    0 5 1 0 0 23  57.56656800  040.17915600    0    0 5 1 0 0
14  57.56234834  040.16976850  82.02 0 New Tower Viewpoint 2

1     89 1 0 URSS Sochi
100 49.07 2 0 0.00 1 2 1 02  43.43433495  039.94457773    0    0 3 1 0 0 20  43.45408775  039.95940106    0    0 3 0 0 0
100 45.11 2 0 0.00 1 2 1 06  43.43948279  039.92577332    0    0 5 1 0 0 24  43.45075595  039.95875479    0    0 5 0 0 0

1   1485 1 0 URMT Shpakovskoye Stavropol
100 47.85 1 0 0.00 0 1 1 07  45.10634369  042.09662661    0    0 3 1 0 0 25  45.11215894  042.12872351    0    0 3 1 0 0
14  45.11249405  042.10530069  82.02 0 Tower
54 12090 Tower/Ground
55 12030 Approach Control/Radar
51 12400 Secondary Frequency

1    279 1 0 URRR Rostov-Na-Donu
100 45.11 2 0 0.00 1 2 1 04  47.25035662  039.80616668    0    0 3 2 1 2 22  47.26612139  039.82980524    0    0 3 1 0 0


FOR EDIT ^____________________________________________________
FOR ADDING (down)

1    269 1 0 ULLP Pushkin
100 45.00 2 0 0.00 0 0 0 03  59.67536856  030.32463109    0    0 0 0 0 0 21  59.69371155  030.34984110    0    0 0 0 0 0
54 12400 Dozhdevik

1    295 1 0 ULDA AMDERMA-2
100 38.00 2 0 0.00 0 3 0 16  71.62831896  052.48001444    0    0 4 2 0 0 34  71.60597560  052.47602549    0    0 4 2 0 0
55 12400 Beregovoiy

1     36 1 0 ULLY BYCH'E POLE
100 30.00 2 0 0.25 1 0 0 9  60.01476230  029.69818260    0    0 1 0 0 0 27  60.01437890  029.70706870    0    0 1 0 0 0

1    472 1 0 ULSC Sel'tso
100 20.00 1 0 0.50 0 0 0 06  59.61645154  029.53900517    0    0 0 0 0 0 24  59.61832834  029.54649841    0    0 0 0 0 0
54 13500 KORTIK

1    479 1 0 ULSG Gostilicy
100 20.00 1 0 0.00 0 0 0 15  59.72793229  029.63818077    0    0 0 0 0 0 33  59.72440933  029.64156270    0    0 0 0 0 0
54 12370 Buton

1    271 1 0 ULSK Korpikyla
100 18.00 1 0 0.00 0 0 0 14  59.60654367  030.26987132    0    0 0 0 0 0 32  59.60331698  030.27485015    0    0 0 0 0 0
54 12180 Tower

1    180 1 0 ULSM MANUSHKINO
100 18.00 1 0 0.00 0 0 0 03  59.87350200  030.80441000    0    0 0 0 0 0 21  59.87021440  030.80006300    0    0 0 0 0 0
14  59.87163252  030.80321640 196.85 0 New Tower Viewpoint 1

1    131 1 0 URKG Gelendzhik
100 45.11 1 0 0.00 0 1 1 01  44.56848599  038.00822927    0    0 3 1 0 0 19  44.59547036  038.01770383    0    0 2 0 0 0
54 12270 Gelendzhik Tower
54 12918 Gelendzhik Radar
50 13113 Gelendzhik Transit Operations

1    251 1 0 URRW Veshenskaya
100 30.00 1 0 0.00 0 1 0 12  49.66114660  041.69187578    0    0 1 0 0 0 30  49.65388365  041.70687310  210    0 1 0 0 0
54 11850 Veshenskaya Tower

1    180 1 0 XLLE Gorelovo
100 50.00 1 0 0.00 0 0 0 08  59.76467040  030.05524120    0    0 0 0 0 0 26  59.76686150  030.09957310    0    0 0 0 0 0
54 12400 Cykoriy

1     64 1 0 ZC8Y GORSKAYA
100 38.00 2 0 0.00 0 0 0 12  60.03528180  030.01291040    0    0 0 0 0 0 30  60.03196750  030.02103620    0    0 0 0 0 0
99
